1551533082.0487816,0.06624168157577515,0.08908586949110031,0.10616622120141983,0.4150318205356598,0.007878851145505905,0.3155956268310547
1551533082.096303,0.06521580368280411,0.08628246188163757,0.11364434659481049,0.42766422033309937,0.00651941541582346,0.30067381262779236
1551533082.1392107,0.07012666761875153,0.09304320812225342,0.11663927137851715,0.4423210918903351,0.008338757790625095,0.2695310413837433
1551533082.1881065,0.07016337662935257,0.0937795341014862,0.10671834647655487,0.4664188325405121,0.007823904976248741,0.2550960183143616
1551533082.2324417,0.08058443665504456,0.09966369718313217,0.06885061413049698,0.43895965814590454,0.008463558740913868,0.3034780025482178
1551533082.2802348,0.08283582329750061,0.08243796974420547,0.12132444977760315,0.31705373525619507,0.008955417200922966,0.3873925805091858
1551533082.3256667,0.06989850103855133,0.08043769747018814,0.1147838905453682,0.3866356909275055,0.005852172151207924,0.34239208698272705
1551533082.3682442,0.10437782853841782,0.08386948704719543,0.09445209801197052,0.3142683506011963,0.007672086823731661,0.3953600823879242
1551533082.4096005,0.0700012743473053,0.07890966534614563,0.11744280904531479,0.39845019578933716,0.005489139351993799,0.3297068774700165
1551533082.4515307,0.08067973703145981,0.09375099092721939,0.11817332357168198,0.31415560841560364,0.012894016690552235,0.3803463280200958
1551533082.4963002,0.08292015641927719,0.09024129062891006,0.12218168377876282,0.3587225377559662,0.009882836602628231,0.33605149388313293
1551533082.5378475,0.0947774350643158,0.06635144352912903,0.16539503633975983,0.19402801990509033,0.009150576777756214,0.4702974855899811
1551533082.58162,0.0722661092877388,0.08015384525060654,0.14165133237838745,0.32971471548080444,0.008041417226195335,0.36817267537117004
1551533082.6236756,0.0847807452082634,0.07951618731021881,0.14033882319927216,0.294812947511673,0.008760451339185238,0.39179080724716187
1551533082.6636462,0.0851711556315422,0.07705214619636536,0.13515028357505798,0.35340097546577454,0.0063440329395234585,0.3428814113140106
1551533082.7045035,0.0798867791891098,0.08100961148738861,0.12316039204597473,0.32153433561325073,0.008040945045650005,0.38636788725852966
1551533082.7511315,0.08227404206991196,0.06810274720191956,0.14946484565734863,0.2727091312408447,0.006086407694965601,0.42136284708976746
1551533082.7931347,0.08841457962989807,0.08452842384576797,0.10238002240657806,0.3815530240535736,0.006431229412555695,0.3366926908493042
1551533082.836512,0.08088632673025131,0.08772595971822739,0.1371905654668808,0.3042784333229065,0.010557370260357857,0.3793613910675049
1551533082.8788364,0.08152170479297638,0.09810317307710648,0.08509912341833115,0.43926018476486206,0.00871693529188633,0.28729891777038574
1551533082.9199703,0.08801764249801636,0.10533798485994339,0.1295415312051773,0.3334968388080597,0.019126461818814278,0.3244795501232147
1551533082.9673297,0.08443699777126312,0.08485571295022964,0.14959785342216492,0.35226717591285706,0.009167860262095928,0.31967440247535706
1551533083.0087895,0.08981996774673462,0.09101211279630661,0.13827891647815704,0.312407523393631,0.012797675095498562,0.3556838631629944
1551533083.0508032,0.08424503356218338,0.09421726316213608,0.13492614030838013,0.353907972574234,0.012161617167294025,0.32054197788238525
1551533083.0945873,0.08242155611515045,0.09547501057386398,0.0999736562371254,0.41273513436317444,0.008922618813812733,0.3004720211029053
1551533083.134129,0.08820629119873047,0.09922413527965546,0.1390361189842224,0.3858450651168823,0.014019331894814968,0.2736690938472748
1551533083.1788194,0.0907757356762886,0.09563647955656052,0.13230493664741516,0.3506228029727936,0.01359542552381754,0.3170645534992218
1551533083.2233043,0.09292403608560562,0.09494537115097046,0.15859220921993256,0.33252403140068054,0.015179540030658245,0.30583474040031433
1551533083.2653978,0.0778428390622139,0.09571893513202667,0.17569394409656525,0.3338649570941925,0.016612229868769646,0.30026715993881226
1551533083.3069134,0.08322172611951828,0.08553558588027954,0.18910808861255646,0.28102725744247437,0.013313871808350086,0.34779345989227295
1551533083.3486733,0.09758389741182327,0.0964268296957016,0.1404879093170166,0.2922966480255127,0.01708327792584896,0.3561214804649353
1551533083.3904784,0.09186482429504395,0.0877922996878624,0.14906825125217438,0.30970656871795654,0.012603064067661762,0.34896495938301086
1551533083.4312744,0.07504086196422577,0.08511007577180862,0.16541431844234467,0.33764490485191345,0.010059686377644539,0.3267301619052887
1551533083.4732804,0.07802639156579971,0.07890931516885757,0.20711715519428253,0.28619384765625,0.010041344910860062,0.3397119641304016
1551533083.5471034,0.08013350516557693,0.07599471509456635,0.247909277677536,0.2652149498462677,0.010654828511178493,0.32009267807006836
1551533083.5929987,0.07385328412055969,0.08577772229909897,0.15445476770401,0.34540680050849915,0.008882121182978153,0.3316253423690796
1551533083.6337466,0.07449904829263687,0.09806008636951447,0.11196140199899673,0.4175056219100952,0.010145599953830242,0.2878282070159912
1551533083.674496,0.08576717227697372,0.08727575093507767,0.1997448354959488,0.32158640027046204,0.011663015000522137,0.2939628064632416
1551533083.7183886,0.07159717381000519,0.08485998958349228,0.18306948244571686,0.34940195083618164,0.01016015000641346,0.3009112477302551
1551533083.7604377,0.07373476028442383,0.07098009437322617,0.2783818244934082,0.2814541757106781,0.00812151376157999,0.2873275578022003
1551533083.8002417,0.07991008460521698,0.09292426705360413,0.1278916448354721,0.37456056475639343,0.009689887054264545,0.3150235712528229
1551533083.8459527,0.08115062862634659,0.07580142468214035,0.22235547006130219,0.2877771258354187,0.008894781582057476,0.3240205645561218
1551533083.885976,0.07441181689500809,0.07476703822612762,0.21976548433303833,0.31220507621765137,0.0075352489948272705,0.3113153576850891
1551533083.9270632,0.08137620985507965,0.09782160073518753,0.12255705893039703,0.3772236406803131,0.011889003217220306,0.30913245677948
1551533083.9692385,0.07171425968408585,0.09187611192464828,0.16029343008995056,0.37885749340057373,0.011248531751334667,0.286010205745697
1551533084.011593,0.06939856708049774,0.07393201440572739,0.2504286468029022,0.27179771661758423,0.009379945695400238,0.32506313920021057
1551533084.0509741,0.07622867077589035,0.10480435937643051,0.12523047626018524,0.3931939899921417,0.014242987148463726,0.28629952669143677
1551533084.093537,0.08218302577733994,0.08060850203037262,0.23539431393146515,0.3427315652370453,0.010179433040320873,0.24890314042568207
1551533084.1355095,0.0874304473400116,0.08147885650396347,0.1889638751745224,0.34223467111587524,0.009070249274373055,0.2908218204975128
1551533084.1767437,0.0844072625041008,0.09811794757843018,0.0917668417096138,0.4088834822177887,0.010083972476422787,0.3067404627799988
1551533084.2192216,0.0945734903216362,0.08341310173273087,0.17702876031398773,0.2602817118167877,0.013797786086797714,0.3709051012992859
1551533084.521779,0.08782688528299332,0.08928482234477997,0.13082514703273773,0.3688587546348572,0.010981161147356033,0.3122232258319855
1551533084.7294538,0.07508990168571472,0.09481052309274673,0.09806099534034729,0.45801764726638794,0.008503067307174206,0.26551783084869385
1551533084.8376384,0.08301389962434769,0.09220843017101288,0.10526680946350098,0.4255240857601166,0.008743608370423317,0.2852431833744049
1551533084.8817475,0.08095390349626541,0.09770426899194717,0.08740784972906113,0.4418235719203949,0.009657843969762325,0.2824525833129883
1551533084.9237816,0.0779939740896225,0.0785607248544693,0.12220612168312073,0.4224723279476166,0.006061512976884842,0.29270535707473755
1551533085.0959487,0.18113413453102112,0.17411299049854279,0.046612586826086044,0.47146278619766235,0.05917241796851158,0.06750503182411194
1551533085.170727,0.2086966335773468,0.13822634518146515,0.07782310992479324,0.46645525097846985,0.033544283360242844,0.0752544105052948
1551533085.2182903,0.07520191371440887,0.07723139971494675,0.12429927289485931,0.39027243852615356,0.0061759608797729015,0.3268190026283264
1551533085.2265313,0.28825417160987854,0.1435634046792984,0.09442145377397537,0.3319758474826813,0.0620613768696785,0.0797237828373909
1551533085.300198,0.24461263418197632,0.15876397490501404,0.0734422504901886,0.4086672365665436,0.06065649539232254,0.05385730415582657
1551533085.380019,0.1915372610092163,0.12031511962413788,0.15194392204284668,0.3524796664714813,0.056456200778484344,0.12726779282093048
1551533085.4572551,0.2232135385274887,0.12564405798912048,0.05183218792080879,0.49737563729286194,0.021914498880505562,0.08002009987831116
1551533085.5339084,0.27010706067085266,0.17128901183605194,0.048299092799425125,0.3073355257511139,0.10176293551921844,0.10120628029108047
1551533085.578538,0.18775802850723267,0.11939144879579544,0.10802587121725082,0.4614167809486389,0.030636627227067947,0.0927712619304657
1551533085.6212606,0.07860225439071655,0.10114511102437973,0.08770725876092911,0.4623936116695404,0.010990079492330551,0.25916171073913574
1551533085.6669457,0.07476382702589035,0.09270554780960083,0.14394702017307281,0.4257323443889618,0.009320365265011787,0.25353097915649414
1551533085.7094235,0.08156610280275345,0.10679853707551956,0.10747059434652328,0.4244959056377411,0.012313117273151875,0.26735571026802063
1551533085.717489,0.1709156483411789,0.11638680100440979,0.19935528934001923,0.4353337585926056,0.025895707309246063,0.05211284011602402
1551533085.760513,0.19040349125862122,0.12963604927062988,0.13151460886001587,0.44563356041908264,0.03671956807374954,0.06609276682138443
1551533085.8044622,0.07679425925016403,0.08391736447811127,0.17399567365646362,0.38429245352745056,0.008153746835887432,0.27284643054008484
1551533085.8799207,0.08127576112747192,0.10102201253175735,0.13360609114170074,0.42055341601371765,0.010325583629310131,0.2532171905040741
1551533085.926824,0.08969343453645706,0.10160480439662933,0.11171270906925201,0.5052673816680908,0.008976963348686695,0.18274472653865814
1551533085.969264,0.0881095826625824,0.09803778678178787,0.12118136137723923,0.4735659062862396,0.009738807566463947,0.20936664938926697
1551533086.0157773,0.08018850535154343,0.1068941280245781,0.08856568485498428,0.5352296233177185,0.010420731268823147,0.17870135605335236
1551533086.0616837,0.080561064183712,0.10369837284088135,0.13974344730377197,0.4475136697292328,0.013118988834321499,0.215364471077919
1551533086.1383977,0.06463475525379181,0.10827482491731644,0.09149689227342606,0.5405076146125793,0.012356880120933056,0.18272912502288818
1551533086.184688,0.06606411933898926,0.11577428877353668,0.08004605025053024,0.5305454730987549,0.013296717777848244,0.19427341222763062
1551533086.2298794,0.07682297378778458,0.10728652775287628,0.0727836862206459,0.5384324193000793,0.00972150731831789,0.19495287537574768
1551533086.3087587,0.0775870680809021,0.10948792099952698,0.10327544063329697,0.5023202896118164,0.011082002893090248,0.19624726474285126
1551533086.3510478,0.06867139786481857,0.1108110323548317,0.07858675718307495,0.5321621894836426,0.010784411802887917,0.19898422062397003
1551533086.3953388,0.07537969201803207,0.1076127216219902,0.09780365973711014,0.49790075421333313,0.012278606183826923,0.2090245932340622
1551533086.4712732,0.0665869265794754,0.1055246964097023,0.0781766027212143,0.5772386789321899,0.007078740745782852,0.16539442539215088
1551533086.5169983,0.07682696729898453,0.10710810124874115,0.09434088319540024,0.5072292685508728,0.010003723204135895,0.2044910490512848
1551533086.5634232,0.06302979588508606,0.11103478074073792,0.07135451585054398,0.590041995048523,0.008212043903768063,0.15632690489292145
1551533086.642297,0.07550427317619324,0.10551150888204575,0.09726455062627792,0.5151008367538452,0.010475817136466503,0.1961430460214615
1551533086.6850622,0.0801641047000885,0.11251989006996155,0.08294418454170227,0.4802127480506897,0.013998483307659626,0.23016051948070526
1551533086.7273784,0.07515458017587662,0.11075948178768158,0.08087548613548279,0.5020422339439392,0.01099573727697134,0.2201724648475647
1551533086.7707782,0.07390699535608292,0.11813086271286011,0.08553078025579453,0.5325730443000793,0.013410626910626888,0.17644768953323364
1551533086.817086,0.07022785395383835,0.10983939468860626,0.07611192762851715,0.5197860598564148,0.010553496889770031,0.21348123252391815
1551533086.8601627,0.08345388621091843,0.11192590743303299,0.08304586261510849,0.4966646432876587,0.011640050448477268,0.21326971054077148
1551533086.9391398,0.07766606658697128,0.10177183896303177,0.09770280867815018,0.4486250877380371,0.008047463372349739,0.26618680357933044
1551533086.9831245,0.06769684702157974,0.11420513689517975,0.07259984314441681,0.5358273386955261,0.011204495094716549,0.19846631586551666
1551533087.0613883,0.07832792401313782,0.12617716193199158,0.08146221935749054,0.47930800914764404,0.015509138815104961,0.21921558678150177
1551533087.1042686,0.06740103662014008,0.1094052717089653,0.06901956349611282,0.5718759894371033,0.009161921218037605,0.17313627898693085
1551533087.1814234,0.06556270271539688,0.10715843737125397,0.07374299317598343,0.560998797416687,0.008102118037641048,0.18443498015403748
1551533087.2576592,0.07749311625957489,0.10991956293582916,0.08277449011802673,0.5118096470832825,0.011919710785150528,0.20608343183994293
1551533087.3013532,0.07100460678339005,0.09819162636995316,0.08502616733312607,0.5284026265144348,0.007955710403621197,0.20941931009292603
1551533087.3441472,0.08274467289447784,0.089328832924366,0.14128290116786957,0.4280637502670288,0.00931726023554802,0.24926252663135529
1551533087.3857746,0.07387935370206833,0.0897098183631897,0.09845207631587982,0.5295554995536804,0.006430127192288637,0.20197303593158722
1551533087.433568,0.10689443349838257,0.1032155379652977,0.19882310926914215,0.3645244836807251,0.014673932455480099,0.21186847984790802
1551533087.4782326,0.10517261177301407,0.10389172285795212,0.1612492799758911,0.3785056173801422,0.016179779544472694,0.23500095307826996
1551533087.521306,0.0873912125825882,0.09294828027486801,0.1341731697320938,0.452737033367157,0.009180326014757156,0.22357003390789032
1551533087.5669827,0.09976587444543839,0.09328910708427429,0.1534862518310547,0.4139286279678345,0.008874692022800446,0.23065544664859772
1551533087.6128814,0.08013004809617996,0.0918659046292305,0.14498332142829895,0.446136474609375,0.0077804094180464745,0.22910377383232117
1551533087.6553319,0.11752178519964218,0.0976792573928833,0.1322222352027893,0.3369899094104767,0.014049386605620384,0.301537424325943
1551533087.7011428,0.07500872015953064,0.0860796868801117,0.1446973830461502,0.4561675190925598,0.006744297221302986,0.23130233585834503
1551533087.7458985,0.11212202161550522,0.09978329390287399,0.1502642035484314,0.4013487696647644,0.011981185525655746,0.2245006114244461
1551533087.789398,0.11013047397136688,0.09678582102060318,0.1592961847782135,0.3582058548927307,0.013558449223637581,0.2620231807231903
1551533087.8336453,0.10871149599552155,0.09346414357423782,0.1528662145137787,0.39361336827278137,0.010429141111671925,0.24091561138629913
1551533087.8784325,0.0937223955988884,0.09064482152462006,0.15406692028045654,0.42942097783088684,0.008933641947805882,0.22321128845214844
1551533087.9224267,0.10514510422945023,0.10066475719213486,0.11947625875473022,0.4710848927497864,0.008542500436306,0.19508647918701172
1551533087.9665928,0.0945996344089508,0.10542701929807663,0.12376581877470016,0.4580412209033966,0.01154061034321785,0.20662571489810944
1551533088.0130863,0.0970715656876564,0.09463251382112503,0.11419353634119034,0.5042933225631714,0.006708253640681505,0.18310078978538513
1551533088.0560935,0.09870518743991852,0.08642476052045822,0.19888873398303986,0.3758559226989746,0.009812796488404274,0.23031258583068848
1551533088.1007516,0.08000102639198303,0.09353261440992355,0.1254590004682541,0.46845757961273193,0.009583708830177784,0.2229660153388977
1551533088.1436267,0.07331214100122452,0.11369025707244873,0.08517488837242126,0.569652259349823,0.012314386665821075,0.14585602283477783
1551533088.185617,0.07343339920043945,0.12047000974416733,0.135427325963974,0.47799283266067505,0.017070801928639412,0.17560556530952454
1551533088.228944,0.08618971705436707,0.10485192388296127,0.10551067441701889,0.5020714998245239,0.009489515796303749,0.19188669323921204
1551533088.2702935,0.07993694394826889,0.10862807184457779,0.11643091589212418,0.49687743186950684,0.012339398264884949,0.185787171125412
1551533088.317184,0.09485498815774918,0.09821443259716034,0.09413906186819077,0.4797695279121399,0.00808038655668497,0.2249416559934616
1551533088.3625958,0.08716589212417603,0.1155926063656807,0.10989982634782791,0.4929898679256439,0.013881157152354717,0.18047066032886505
1551533088.4056413,0.09377980977296829,0.1089506521821022,0.10858022421598434,0.4328167140483856,0.013053875416517258,0.24281863868236542
1551533088.4812298,0.0829208642244339,0.10877496004104614,0.08974988758563995,0.5268509984016418,0.010043483227491379,0.18165981769561768
1551533088.5244117,0.1019146740436554,0.10581406950950623,0.13726821541786194,0.3994782269001007,0.01336720585823059,0.24215759336948395
1551533088.5676506,0.10477906465530396,0.10706168413162231,0.1312941461801529,0.36072370409965515,0.016274914145469666,0.279866486787796
1551533088.6119127,0.079678475856781,0.10562030971050262,0.11303738504648209,0.4325205087661743,0.012584758922457695,0.25655853748321533
1551533088.655338,0.07242818176746368,0.10005369037389755,0.11535865813493729,0.5280490517616272,0.008466008119285107,0.1756444275379181
1551533088.6973681,0.08521801978349686,0.11030898243188858,0.12232877314090729,0.4662310481071472,0.012570763938128948,0.20334237813949585
1551533088.7403762,0.09803562611341476,0.09933336079120636,0.14101234078407288,0.3859536647796631,0.014171864837408066,0.26149314641952515
1551533088.7844465,0.09430820494890213,0.09271817654371262,0.1674731969833374,0.3950088620185852,0.011159952729940414,0.2393316775560379
1551533088.828659,0.09442897886037827,0.11116259545087814,0.10811076313257217,0.4949178397655487,0.011176367290318012,0.18020346760749817
1551533088.8737605,0.07253647595643997,0.09445212781429291,0.10601069033145905,0.5289294719696045,0.008732672780752182,0.18933852016925812
1551533088.9150298,0.0654192715883255,0.10914024710655212,0.07707073539495468,0.5393650531768799,0.011974601075053215,0.19703008234500885
1551533088.9576585,0.09093739092350006,0.10083803534507751,0.11130431294441223,0.5006497502326965,0.008801235817372799,0.1874692738056183
1551533089.0020552,0.09572740644216537,0.0988653302192688,0.12598827481269836,0.4958512485027313,0.008727410808205605,0.1748403012752533
1551533089.046001,0.07108631730079651,0.10688162595033646,0.07045269757509232,0.5817781686782837,0.007957487367093563,0.1618436872959137
1551533089.08906,0.08480927348136902,0.0967085212469101,0.10727584362030029,0.43293070793151855,0.010100957937538624,0.26817482709884644
1551533089.1329305,0.06875257194042206,0.1094365194439888,0.06954577565193176,0.5426192283630371,0.009788191877305508,0.19985783100128174
1551533089.2479806,0.06683706492185593,0.09682942181825638,0.10046276450157166,0.53664630651474,0.0071774921379983425,0.1920468956232071
1551533089.3268638,0.06511447578668594,0.11447475105524063,0.06218251585960388,0.49451446533203125,0.012980670668184757,0.2507331669330597
1551533089.3708427,0.0687788650393486,0.10050143301486969,0.10812713205814362,0.4606737792491913,0.009311744011938572,0.2526070177555084
1551533089.449401,0.07129967957735062,0.07657037675380707,0.1590447872877121,0.44887176156044006,0.004810455720871687,0.23940293490886688
1551533089.4970276,0.08333588391542435,0.08971697092056274,0.1042277067899704,0.3995966613292694,0.005873622838407755,0.31724920868873596
1551533089.542037,0.08922946453094482,0.0912923514842987,0.15011993050575256,0.39399975538253784,0.008234714157879353,0.26712384819984436
1551533089.6201828,0.0806061327457428,0.10365163534879684,0.09418036788702011,0.4402497708797455,0.010949525982141495,0.27036261558532715
1551533089.6663055,0.07324258238077164,0.08567731827497482,0.13219322264194489,0.39893049001693726,0.00654093362390995,0.303415447473526
1551533089.710471,0.08382708579301834,0.08781474083662033,0.12654078006744385,0.40541863441467285,0.007160664536058903,0.2892380952835083
1551533089.7565308,0.08569467812776566,0.09644122421741486,0.10716835409402847,0.46147602796554565,0.00818178802728653,0.24103784561157227
1551533089.79901,0.06795350462198257,0.11236553639173508,0.06992392241954803,0.5350936651229858,0.010873707011342049,0.2037896066904068
1551533089.8428707,0.062498319894075394,0.1092158779501915,0.07154987007379532,0.518093466758728,0.010157180018723011,0.2284853458404541
1551533089.8862946,0.07710001617670059,0.10053921490907669,0.08176212757825851,0.4600137174129486,0.009818684309720993,0.2707662582397461
1551533089.9306655,0.09243394434452057,0.09878989309072495,0.11885276436805725,0.421780526638031,0.01320741418749094,0.25493550300598145
1551533089.9730537,0.09683327376842499,0.07811526954174042,0.1615278124809265,0.3686482012271881,0.0072165681049227715,0.2876589596271515
1551533090.0171845,0.10327120125293732,0.07830531150102615,0.16318653523921967,0.3755576014518738,0.006682643201202154,0.2729966938495636
1551533090.0607295,0.11023709177970886,0.08099666982889175,0.15510976314544678,0.41984689235687256,0.005240513943135738,0.2285691201686859
1551533090.1055586,0.1110159158706665,0.10065209865570068,0.09985508769750595,0.5321032404899597,0.005830104928463697,0.1505434364080429
1551533090.150971,0.09416870772838593,0.09473130106925964,0.11531805247068405,0.5212768912315369,0.006216372828930616,0.1682886928319931
1551533090.196554,0.10608797520399094,0.09849198162555695,0.12011085450649261,0.4512269198894501,0.00839566346257925,0.21568655967712402
1551533090.2410235,0.08899301290512085,0.10592487454414368,0.05603598803281784,0.5729709267616272,0.005558091681450605,0.17051713168621063
1551533090.2858152,0.10379011183977127,0.10325000435113907,0.10127007216215134,0.4688308835029602,0.008678886108100414,0.2141800820827484
1551533090.3326612,0.09438139945268631,0.09349564462900162,0.1061151772737503,0.4411536753177643,0.007342880126088858,0.25751110911369324
1551533090.376859,0.10617238283157349,0.10622591525316238,0.1354232281446457,0.4461480677127838,0.011440956965088844,0.19458945095539093
1551533090.4217896,0.11931543797254562,0.09632457047700882,0.12813366949558258,0.43498682975769043,0.009076377376914024,0.21216312050819397
1551533090.4658203,0.11314967274665833,0.095862478017807,0.1158275306224823,0.4486871361732483,0.007187361363321543,0.21928584575653076
1551533090.5120292,0.09915637969970703,0.09302036464214325,0.1524326652288437,0.4398706555366516,0.008413011208176613,0.20710694789886475
1551533090.556688,0.09090624004602432,0.10299032181501389,0.09222608804702759,0.5316802263259888,0.007898587733507156,0.17429864406585693
1551533090.6008546,0.10079613327980042,0.0867871567606926,0.1551443487405777,0.4077019691467285,0.007390932179987431,0.24217943847179413
1551533090.6443863,0.09330131858587265,0.105560302734375,0.11460712552070618,0.5101478099822998,0.009468584321439266,0.1669149100780487
1551533090.6874945,0.11091722548007965,0.11500392109155655,0.1426224410533905,0.39289847016334534,0.02383480779826641,0.214723140001297
1551533090.7289586,0.08574278652667999,0.11372780054807663,0.13255515694618225,0.46532514691352844,0.018300842493772507,0.18434830009937286
1551533092.4939117,0.07613415271043777,0.08397562801837921,0.11389144510030746,0.3123351037502289,0.01062892097979784,0.4030347764492035
1551533092.5348322,0.0864180475473404,0.08884355425834656,0.13145312666893005,0.2966500222682953,0.01294285710901022,0.3836924433708191
1551533092.5770972,0.09274274855852127,0.08514764159917831,0.17960038781166077,0.2813527584075928,0.015052283182740211,0.34610414505004883
1551533092.6194713,0.08497389405965805,0.08035700768232346,0.1323050707578659,0.3167211711406708,0.009290046989917755,0.37635281682014465
1551533092.665435,0.0914023220539093,0.08733206242322922,0.1824682652950287,0.33684226870536804,0.011788615956902504,0.2901664078235626
1551533092.7064362,0.08547791093587875,0.09572267532348633,0.11271297186613083,0.4472215473651886,0.0098423408344388,0.24902255833148956
1551533092.7500272,0.07585667818784714,0.09069476276636124,0.1236063614487648,0.3943430781364441,0.010050014592707157,0.30544909834861755
1551533092.7913644,0.08387818932533264,0.08536872267723083,0.1598784327507019,0.38061240315437317,0.010006554424762726,0.2802557051181793
1551533092.832195,0.08540958166122437,0.08799959719181061,0.15295255184173584,0.36594176292419434,0.009420296177268028,0.2982761561870575
1551533092.8789692,0.0999041274189949,0.08574315905570984,0.15122146904468536,0.37165191769599915,0.008839611895382404,0.2826397716999054
1551533092.9195476,0.08751083165407181,0.09585293382406235,0.1312328279018402,0.38530203700065613,0.012375229969620705,0.28772616386413574
1551533092.964436,0.07622015476226807,0.09594722092151642,0.0858556404709816,0.47448477149009705,0.00817596074193716,0.25931623578071594
1551533093.0066123,0.07182753086090088,0.08689562976360321,0.16375236213207245,0.39925575256347656,0.008866234682500362,0.2694024443626404
1551533093.0471814,0.07959644496440887,0.08563894778490067,0.20903199911117554,0.37490203976631165,0.011202123016119003,0.23962843418121338
1551533093.0879767,0.07401257008314133,0.09266387671232224,0.08625005930662155,0.5009185671806335,0.00713790487498045,0.23901696503162384
1551533093.131073,0.08668734133243561,0.09622056037187576,0.1811850517988205,0.3691560924053192,0.015671299770474434,0.2510797083377838
1551533093.1726594,0.07626616954803467,0.09510616213083267,0.09829190373420715,0.48335546255111694,0.007728654891252518,0.23925165832042694
1551533093.2152262,0.08391249179840088,0.08430109918117523,0.21719716489315033,0.34460368752479553,0.01132818590849638,0.25865739583969116
1551533093.2578745,0.08231436461210251,0.089027039706707,0.17453517019748688,0.4253077208995819,0.00890906061977148,0.21990661323070526
1551533093.29848,0.0735442265868187,0.08602756261825562,0.1611870974302292,0.3831223249435425,0.009302249178290367,0.2868165373802185
1551533093.3397949,0.07375992834568024,0.0927148386836052,0.1145220622420311,0.5261398553848267,0.007634947542101145,0.1852283924818039
1551533093.382596,0.08327551931142807,0.08686214685440063,0.14765247702598572,0.41078317165374756,0.00836120080202818,0.26306551694869995
1551533093.4234383,0.08172792196273804,0.09300122410058975,0.13974201679229736,0.43098998069763184,0.010886958800256252,0.2436518669128418
1551533093.4663875,0.06970153748989105,0.08858471363782883,0.15197037160396576,0.44644200801849365,0.00903304759413004,0.23426833748817444
1551533093.509938,0.08324989676475525,0.08968624472618103,0.13857442140579224,0.439780592918396,0.00922769121825695,0.2394811064004898
1551533093.5502574,0.06954594701528549,0.07969676703214645,0.15836776793003082,0.42168205976486206,0.006760396063327789,0.26394709944725037
1551533093.5956907,0.0689210295677185,0.08956576138734818,0.158259779214859,0.3797597587108612,0.010979975573718548,0.29251372814178467
1551533093.6399386,0.08276278525590897,0.08740228414535522,0.14237314462661743,0.3784849941730499,0.009917055256664753,0.2990597188472748
1551533093.6824136,0.08607546985149384,0.09093262255191803,0.14928415417671204,0.3848686218261719,0.010654442943632603,0.2781846821308136
1551533093.725288,0.07426776736974716,0.0840001329779625,0.14664065837860107,0.43936970829963684,0.006896229460835457,0.24882560968399048
1551533093.7681103,0.08279940485954285,0.09072165936231613,0.112042635679245,0.4150896370410919,0.010014846920967102,0.2893318235874176
1551533093.8123581,0.09088452905416489,0.08885860443115234,0.15603448450565338,0.3596801161766052,0.010619523003697395,0.29392269253730774
1551533093.8544903,0.0877334401011467,0.08934012055397034,0.11888634413480759,0.4214429557323456,0.008633089251816273,0.273963987827301
1551533093.8971484,0.09114348888397217,0.08782685548067093,0.13990232348442078,0.36892789602279663,0.011255105026066303,0.30094438791275024
1551533093.9388092,0.08390939980745316,0.09608002007007599,0.09442269802093506,0.49471721053123474,0.0074761356227099895,0.2233944684267044
1551533093.9796352,0.07564439624547958,0.08473947644233704,0.12497078627347946,0.42147955298423767,0.00627925107255578,0.2868865728378296
1551533094.020569,0.0725012794137001,0.09177463501691818,0.1250649094581604,0.45086556673049927,0.008240064606070518,0.25155356526374817
1551533094.064778,0.06808710843324661,0.09092918038368225,0.08631958067417145,0.4762667417526245,0.006409431342035532,0.2719879448413849
1551533094.1060464,0.08317417651414871,0.10091562569141388,0.11320233345031738,0.40931016206741333,0.012591184116899967,0.2808065414428711
1551533094.1482875,0.07799133658409119,0.09588862955570221,0.11992204189300537,0.3753960132598877,0.013922828249633312,0.3168792128562927
1551533094.1907418,0.07464680075645447,0.08960336446762085,0.12167688459157944,0.4919346868991852,0.006931981071829796,0.21520628035068512
1551533094.2315578,0.07067681103944778,0.09026002883911133,0.10872206091880798,0.42361029982566833,0.008135058917105198,0.29859575629234314
1551533094.2742102,0.06581456959247589,0.09083442389965057,0.11529906839132309,0.4210267663002014,0.008548688143491745,0.2984764575958252
1551533094.3164349,0.08218084275722504,0.09972715377807617,0.10649123787879944,0.4706302583217621,0.008922621607780457,0.2320478856563568
1551533095.408199,0.06854657083749771,0.08755706250667572,0.12450473010540009,0.387904554605484,0.010962235741317272,0.3205249309539795
1551533095.4503517,0.08074759691953659,0.08933492749929428,0.12374435365200043,0.33562928438186646,0.013956364244222641,0.35658755898475647
1551533095.4919312,0.09159344434738159,0.09789597988128662,0.08503951877355576,0.4055304527282715,0.011307415552437305,0.3086331784725189
1551533095.5355425,0.09249977767467499,0.09320507943630219,0.10721923410892487,0.4209156930446625,0.009904647246003151,0.27625560760498047
1551533095.5820553,0.08913151174783707,0.09995590150356293,0.09847584366798401,0.3983743190765381,0.013172556646168232,0.30088984966278076
1551533095.6249752,0.08100305497646332,0.08937682956457138,0.10436904430389404,0.3869166672229767,0.010333424434065819,0.3280009925365448
1551533095.6690073,0.09010180830955505,0.0802529975771904,0.1064254641532898,0.3203360140323639,0.010006302036345005,0.39287734031677246
1551533095.712898,0.09496232122182846,0.08768398314714432,0.15094411373138428,0.30338507890701294,0.014294237829744816,0.34873026609420776
1551533095.7556503,0.09291102737188339,0.09409816563129425,0.1266193389892578,0.3812521994113922,0.0119265615940094,0.2931927442550659
1551533095.799192,0.09468939900398254,0.08984442055225372,0.11027132719755173,0.39732009172439575,0.00925829354673624,0.298616498708725
1551533095.841821,0.09688062220811844,0.0931941419839859,0.11823039501905441,0.37288352847099304,0.013206234201788902,0.30560505390167236
1551533095.8855364,0.0876757875084877,0.09334859251976013,0.12099406868219376,0.35395416617393494,0.012875386513769627,0.3311519920825958
1551533095.9321578,0.09050659090280533,0.09484324604272842,0.10668787360191345,0.4572569727897644,0.008757705800235271,0.24194756150245667
1551533095.9777908,0.09273429214954376,0.09342512488365173,0.10445737838745117,0.3860422968864441,0.011275618337094784,0.3120653033256531
1551533096.019351,0.06947493553161621,0.08932863920927048,0.09390053898096085,0.5637611746788025,0.005526801571249962,0.17800796031951904
1551533096.0658197,0.08538664132356644,0.08581095933914185,0.13534384965896606,0.3903418183326721,0.008700702339410782,0.29441606998443604
1551533096.1082802,0.08150676637887955,0.09950286149978638,0.08011776208877563,0.5595299601554871,0.007063286378979683,0.17227935791015625
1551533096.1499648,0.07931354641914368,0.08154570311307907,0.18233969807624817,0.3989396095275879,0.008528870530426502,0.24933254718780518
1551533096.1981032,0.08367781341075897,0.09520263224840164,0.08707781881093979,0.546940267086029,0.006795939523726702,0.18030548095703125
1551533096.241753,0.09265812486410141,0.09304077923297882,0.11600042879581451,0.3982781767845154,0.011584581807255745,0.28843793272972107
1551533096.2839503,0.0673857033252716,0.08494611829519272,0.10370656847953796,0.47593334317207336,0.006991541478782892,0.2610367238521576
1551533096.329333,0.06864292919635773,0.0864357128739357,0.08697264641523361,0.5659335851669312,0.005364560522139072,0.1866506040096283
1551533096.3714652,0.06329421699047089,0.09291336685419083,0.09837020188570023,0.5797756910324097,0.0060737780295312405,0.1595727503299713
1551533096.4132361,0.07510128617286682,0.08999893814325333,0.1164637953042984,0.48219573497772217,0.008029092103242874,0.22821107506752014
1551533096.4555883,0.08912880718708038,0.09357386082410812,0.12908293306827545,0.3602127730846405,0.015582984313368797,0.3124186396598816
1551533096.6283855,0.07509888708591461,0.09415020793676376,0.12954755127429962,0.37228822708129883,0.013666199520230293,0.315248966217041
1551533096.669592,0.07891606539487839,0.10224077105522156,0.11326946318149567,0.4709398150444031,0.013119209557771683,0.22151459753513336
1551533096.8441305,0.08037104457616806,0.08630554378032684,0.11997970938682556,0.43853262066841125,0.007427635602653027,0.26738348603248596
1551533097.3757324,0.06963034719228745,0.10711724311113358,0.07563136518001556,0.4947320222854614,0.012572858482599258,0.24031612277030945
1551533097.74094,0.07026983797550201,0.0986386314034462,0.061207935214042664,0.5107075572013855,0.008110294118523598,0.2510657012462616
1551533097.880564,0.08765964210033417,0.08612237870693207,0.17036062479019165,0.34687548875808716,0.012944615446031094,0.2960371971130371
1551533098.0201724,0.07441873103380203,0.10826673358678818,0.08013080805540085,0.47729745507240295,0.014168226160109043,0.2457180619239807
1551533098.4260085,0.0666225478053093,0.0775834321975708,0.14052891731262207,0.4137481451034546,0.007200181018561125,0.2943167984485626
1551533098.5000045,0.06955725699663162,0.08220134675502777,0.13623793423175812,0.4361807107925415,0.00746562797576189,0.26835715770721436
1551533098.6119885,0.07271331548690796,0.09782081842422485,0.08026590198278427,0.4454405605792999,0.01146670151501894,0.29229265451431274
1551533098.6540518,0.07206603139638901,0.09663526713848114,0.10335968434810638,0.40168023109436035,0.013006603345274925,0.31325221061706543
1551533098.7302356,0.07605686783790588,0.08394122123718262,0.11316006630659103,0.3769797682762146,0.010151621885597706,0.3397105634212494
1551533098.772023,0.09536699205636978,0.08746509999036789,0.11272057145833969,0.3490903079509735,0.011772261932492256,0.3435847759246826
1551533098.8136706,0.08383379876613617,0.08236119151115417,0.12775690853595734,0.3894488513469696,0.007457256317138672,0.30914199352264404
1551533098.856228,0.08609879016876221,0.08494739979505539,0.14326414465904236,0.33923032879829407,0.010796751827001572,0.3356626033782959
1551533098.900133,0.08201077580451965,0.08659285306930542,0.12050411850214005,0.42931652069091797,0.007672950625419617,0.2739027440547943
1551533098.9417815,0.08841238915920258,0.08474334329366684,0.12149320542812347,0.41847148537635803,0.008598745800554752,0.27828091382980347
1551533098.9842424,0.08847122639417648,0.08647911250591278,0.12778595089912415,0.37880760431289673,0.009518972598016262,0.3089371919631958
1551533099.0284595,0.10372594743967056,0.09086263179779053,0.10601583868265152,0.4385862648487091,0.008907359093427658,0.25190192461013794
1551533099.0715277,0.09666263312101364,0.08271414041519165,0.15412598848342896,0.38849368691444397,0.00817043799906969,0.26983314752578735
1551533099.1157293,0.10285458713769913,0.08085468411445618,0.14760558307170868,0.3081306517124176,0.010352997109293938,0.3502015471458435
1551533099.157333,0.11048704385757446,0.08711162954568863,0.1531124711036682,0.3761729896068573,0.009178882464766502,0.26393696665763855
1551533099.199125,0.09639931470155716,0.09534116089344025,0.14655767381191254,0.3679390549659729,0.013497230596840382,0.28026553988456726
1551533099.2448175,0.07749750465154648,0.084046870470047,0.13286495208740234,0.46256861090660095,0.0066463518887758255,0.23637571930885315
1551533099.2862968,0.10466650873422623,0.09701637923717499,0.12844780087471008,0.41381916403770447,0.010308644734323025,0.24574148654937744
1551533099.3313317,0.10611430555582047,0.10483282804489136,0.13418731093406677,0.39603644609451294,0.01648562401533127,0.24234342575073242
1551533099.3737204,0.11868367344141006,0.07359907776117325,0.2147645205259323,0.2755405604839325,0.00911587756127119,0.30829620361328125
1551533099.4157367,0.09207875281572342,0.09051986038684845,0.11419717967510223,0.3897804617881775,0.009291033260524273,0.30413272976875305
1551533099.4578698,0.11207757890224457,0.0893939957022667,0.10284069925546646,0.4192665219306946,0.007197187747806311,0.26922404766082764
1551533099.500242,0.10050658136606216,0.09017260372638702,0.13259607553482056,0.3872685730457306,0.009026028215885162,0.2804301381111145
1551533099.5455053,0.08642449229955673,0.10129234939813614,0.11419200897216797,0.46944695711135864,0.009981547482311726,0.21866263449192047
1551533099.5883648,0.08189227432012558,0.10830666124820709,0.10139203071594238,0.47811460494995117,0.010976025834679604,0.2193184196949005
1551533099.6458926,0.09140178561210632,0.10935603082180023,0.1164979413151741,0.4678971469402313,0.012741868384182453,0.20210514962673187
1551533099.7053144,0.08207491785287857,0.1162169873714447,0.07732385396957397,0.5187333822250366,0.010558375157415867,0.19509249925613403
1551533099.754868,0.08616025000810623,0.1086810976266861,0.09009230136871338,0.5250681638717651,0.009561484679579735,0.18043668568134308
1551533099.7989256,0.09215867519378662,0.1183086410164833,0.06688167154788971,0.5004161596298218,0.010982632637023926,0.21125222742557526
1551533099.8444617,0.08904141932725906,0.13118931651115417,0.05591157078742981,0.48297959566116333,0.016672341153025627,0.22420582175254822
1551533099.8874063,0.07872585207223892,0.11836907267570496,0.07621721923351288,0.4995865523815155,0.013150745071470737,0.21395055949687958
1551533099.9318388,0.08131066709756851,0.1154332160949707,0.07564163208007812,0.5245484709739685,0.010578813031315804,0.1924872249364853
1551533099.9730318,0.0865185484290123,0.11100020259618759,0.0895981714129448,0.40444380044937134,0.014881854876875877,0.2935573160648346
1551533100.018067,0.07943800091743469,0.11025505512952805,0.12016202509403229,0.4503186047077179,0.012886597774922848,0.22693969309329987
1551533100.0697737,0.07479660212993622,0.10380732268095016,0.08549086004495621,0.4769720137119293,0.00844594370573759,0.25048723816871643
1551533100.1152017,0.06524378806352615,0.11041879653930664,0.08135787397623062,0.49543848633766174,0.009588791988790035,0.23795226216316223
1551533100.16314,0.07448241114616394,0.11257892847061157,0.08132677525281906,0.4705881178379059,0.011937469244003296,0.24908632040023804
1551533100.2373724,0.0755317211151123,0.10938892513513565,0.08128908276557922,0.47656360268592834,0.010497120209038258,0.2467295080423355
1551533100.3401268,0.07276920974254608,0.11562998592853546,0.09914202243089676,0.41444623470306396,0.016567591577768326,0.2814449369907379
1551533100.3948002,0.07129378616809845,0.1280612349510193,0.07051317393779755,0.5209271311759949,0.013631230220198631,0.19557340443134308
1551533100.4395065,0.08397752046585083,0.11376623809337616,0.10759776085615158,0.432264506816864,0.013736258260905743,0.24865777790546417
1551533100.4838035,0.08079151064157486,0.11530589312314987,0.09421104192733765,0.47100651264190674,0.011663594283163548,0.2270214855670929
1551533100.5325682,0.09074828028678894,0.12446728348731995,0.0997733324766159,0.4218687117099762,0.01826486922800541,0.24487759172916412
1551533100.5788915,0.07977640628814697,0.11999823898077011,0.10114702582359314,0.4054487347602844,0.01764564774930477,0.27598392963409424
1551533100.6230621,0.08640258759260178,0.10779762268066406,0.09191827476024628,0.3665792942047119,0.012635089457035065,0.3346671164035797
1551533100.664812,0.08153508603572845,0.12694507837295532,0.05481043457984924,0.4169865548610687,0.01799578033387661,0.3017270267009735
1551533100.7129037,0.08014214038848877,0.12199553847312927,0.05214900150895119,0.4761146008968353,0.010411643423140049,0.2591870129108429
1551533100.771162,0.09399757534265518,0.1167173907160759,0.07087259739637375,0.42215651273727417,0.014170488342642784,0.28208544850349426
1551533100.8170605,0.0846560075879097,0.11386937648057938,0.062469009310007095,0.42676103115081787,0.011470676399767399,0.30077385902404785
1551533100.8560627,0.09565697610378265,0.10962854325771332,0.07829346507787704,0.37184083461761475,0.01353659201413393,0.3310436010360718
1551533100.8979037,0.09195177257061005,0.10257858783006668,0.1024281233549118,0.33617135882377625,0.015113575384020805,0.35175657272338867
1551533100.9377637,0.09214217960834503,0.10858868062496185,0.07919324934482574,0.36031603813171387,0.014157925732433796,0.345601886510849
1551533100.978304,0.08183581382036209,0.10153230279684067,0.09359046816825867,0.33316776156425476,0.012703150510787964,0.37717047333717346
1551533101.0176792,0.0935840830206871,0.10370713472366333,0.11639414727687836,0.3400284945964813,0.014947276562452316,0.3313388228416443
1551533101.0603058,0.07935310155153275,0.10461649298667908,0.11858563870191574,0.3994358479976654,0.012769192457199097,0.28523972630500793
1551533101.0995605,0.08484510332345963,0.10708010196685791,0.1021113246679306,0.3516674041748047,0.014320066198706627,0.33997607231140137
1551533101.139785,0.06758178770542145,0.10757850855588913,0.12179918587207794,0.4070642292499542,0.013479136861860752,0.2824971675872803
1551533101.1810493,0.06819724291563034,0.09807638078927994,0.10404861718416214,0.40043044090270996,0.009813973680138588,0.319433331489563
1551533101.219678,0.06550254672765732,0.10663653910160065,0.07996170222759247,0.44540640711784363,0.01035451702773571,0.2921382784843445
1551533101.2920187,0.06653652340173721,0.10805812478065491,0.0985627993941307,0.469034880399704,0.011284460313618183,0.24652314186096191
1551533101.3321645,0.062239717692136765,0.09844173491001129,0.1093151867389679,0.436613529920578,0.00873003900051117,0.28465980291366577
1551533101.3704958,0.05767503380775452,0.10009108483791351,0.09107255935668945,0.4709669053554535,0.008114918135106564,0.2720794677734375
1551533101.4109738,0.06351404637098312,0.0971783995628357,0.11307024955749512,0.4404377043247223,0.008939031511545181,0.27686065435409546
1551533101.4807782,0.0668051615357399,0.10753573477268219,0.08853643387556076,0.4456268846988678,0.011268318630754948,0.2802274823188782
1551533101.551954,0.07026661187410355,0.10097793489694595,0.10362845659255981,0.4332531690597534,0.009817074984312057,0.2820567488670349
1551533101.5908346,0.06910764425992966,0.10662247985601425,0.11300705373287201,0.4235447645187378,0.012346743606030941,0.27537134289741516
1551533101.628234,0.06022173911333084,0.09681344777345657,0.11901339143514633,0.45444488525390625,0.009479505009949207,0.26002705097198486
1551533101.6996362,0.07330534607172012,0.09286791831254959,0.11168787628412247,0.3632095456123352,0.009498076513409615,0.3494311273097992
1551533101.7392168,0.06963494420051575,0.10258527845144272,0.11950695514678955,0.3680950403213501,0.01378191914409399,0.32639577984809875
1551533101.7812874,0.07165595144033432,0.10533581674098969,0.13064783811569214,0.3826207220554352,0.014721772633492947,0.29501792788505554
1551533101.849473,0.06511561572551727,0.10974733531475067,0.09288835525512695,0.45579975843429565,0.011603262275457382,0.26484569907188416
1551533101.8898911,0.08665530383586884,0.10084185749292374,0.12545379996299744,0.3038959205150604,0.015991035848855972,0.3671620488166809
1551533101.9327567,0.07103630900382996,0.09961561858654022,0.11769640445709229,0.38149213790893555,0.012578319758176804,0.3175811469554901
1551533101.9765904,0.07513920217752457,0.10261961817741394,0.1165531799197197,0.3973853290081024,0.013297557830810547,0.29500511288642883
1551533102.0163176,0.07150550186634064,0.09767570346593857,0.126267209649086,0.37591615319252014,0.012135817669332027,0.31649959087371826
1551533102.0549526,0.07187254726886749,0.09776052087545395,0.10253264755010605,0.36705589294433594,0.011322027072310448,0.3494563102722168
1551533102.09369,0.07232052087783813,0.10531282424926758,0.13863269984722137,0.38759174942970276,0.015017560683190823,0.28112471103668213
1551533102.1332421,0.07002336531877518,0.10248503088951111,0.10722413659095764,0.43265795707702637,0.010199024342000484,0.27741044759750366
1551533102.172145,0.07648923248052597,0.09657358378171921,0.11536771804094315,0.3757374584674835,0.010065636597573757,0.32576635479927063
1551533102.2140038,0.07012910395860672,0.08969572931528091,0.11766070127487183,0.3957413136959076,0.007723507471382618,0.3190496861934662
1551533102.2534025,0.07195648550987244,0.09833690524101257,0.11535287648439407,0.37272095680236816,0.011213253252208233,0.33041951060295105
1551533102.2928956,0.0657300278544426,0.09204496443271637,0.19346944987773895,0.3481404781341553,0.013200671412050724,0.28741440176963806
1551533102.33141,0.06559548527002335,0.10233240574598312,0.14703267812728882,0.374502032995224,0.013801823370158672,0.29673561453819275
1551533102.399487,0.06670044362545013,0.10353535413742065,0.12221215665340424,0.43143564462661743,0.011650072410702705,0.2644662857055664
1551533102.4417286,0.07260032743215561,0.09393593668937683,0.11781908571720123,0.3679814338684082,0.010766723193228245,0.33689653873443604
1551533102.5130806,0.07043574750423431,0.11268337815999985,0.08452502638101578,0.47215139865875244,0.012137237936258316,0.2480672150850296
1551533102.552549,0.06885802745819092,0.09724216163158417,0.13759563863277435,0.37602129578590393,0.013042027130723,0.3072408437728882
1551533102.6218407,0.07742881774902344,0.10151570290327072,0.07999545335769653,0.36094096302986145,0.01110395323485136,0.36901506781578064
1551533102.6613367,0.0702909454703331,0.10256741940975189,0.09345772117376328,0.4018995463848114,0.011053642258048058,0.3207307755947113
1551533102.699632,0.06870626658201218,0.10211396217346191,0.10484916716814041,0.40221279859542847,0.01271323673427105,0.3094046115875244
1551533102.7394285,0.06704191863536835,0.10335824638605118,0.1018909439444542,0.45675984025001526,0.009814511053264141,0.2611345648765564
1551533102.7829807,0.06603804230690002,0.1043519526720047,0.08938543498516083,0.42176133394241333,0.010748611763119698,0.3077145516872406
1551533102.8216178,0.06545078754425049,0.09790297597646713,0.11457755416631699,0.42423349618911743,0.010826976038515568,0.2870083153247833
1551533102.8914695,0.0643109530210495,0.10293881595134735,0.09652330726385117,0.41249898076057434,0.010883860290050507,0.31284409761428833
1551533102.9617202,0.06994232535362244,0.09491012245416641,0.11212583631277084,0.36726105213165283,0.011035945266485214,0.34472474455833435
1551533103.0017602,0.06967056542634964,0.09882613271474838,0.15462595224380493,0.37299615144729614,0.014531710185110569,0.2893494963645935
1551533103.0402136,0.07740680128335953,0.0945705845952034,0.11741848289966583,0.3432624042034149,0.011974111199378967,0.35536763072013855
1551533103.0778584,0.08274772763252258,0.09410461038351059,0.10947076976299286,0.32512208819389343,0.01178390346467495,0.37677082419395447
1551533103.1176748,0.07701924443244934,0.1023024246096611,0.12836721539497375,0.3374665379524231,0.016072656959295273,0.33877190947532654
1551533103.1590872,0.07847016304731369,0.09642617404460907,0.09487852454185486,0.36603960394859314,0.010790329426527023,0.3533951938152313
1551533103.1993952,0.08461976051330566,0.10246192663908005,0.12275969237089157,0.34077540040016174,0.013485339470207691,0.33589792251586914
1551533103.240081,0.06944167613983154,0.10057200491428375,0.11640708148479462,0.35906320810317993,0.012828709557652473,0.34168732166290283
1551533103.2805824,0.06585309654474258,0.10191639512777328,0.07518847286701202,0.417430579662323,0.010303111746907234,0.3293083608150482
1551533103.3187802,0.07076908648014069,0.09905613958835602,0.10925831645727158,0.39121168851852417,0.009935976937413216,0.3197687864303589
1551533103.3613067,0.06839380413293839,0.10272051393985748,0.1043456494808197,0.41260629892349243,0.010437495075166225,0.3014962673187256
1551533103.4003491,0.07267338782548904,0.1085941344499588,0.15046510100364685,0.3706008791923523,0.014616536907851696,0.28304997086524963
1551533103.4390776,0.0733499601483345,0.10025420784950256,0.11213693022727966,0.40303748846054077,0.0107634412124753,0.3004579544067383
1551533103.4773252,0.08043984323740005,0.10844136774539948,0.09702087938785553,0.37549257278442383,0.01503562368452549,0.3235696852207184
1551533103.5143685,0.07384762167930603,0.09442530572414398,0.10479658097028732,0.4110575020313263,0.008403761312365532,0.3074692189693451
1551533103.5534265,0.0708286315202713,0.10280603170394897,0.10864339023828506,0.3873647451400757,0.011310051195323467,0.319047212600708
1551533103.593929,0.06970652937889099,0.09812284260988235,0.12135130912065506,0.4061864912509918,0.011555097065865993,0.2930777668952942
1551533103.6314955,0.07353796064853668,0.09150209277868271,0.1476317048072815,0.40163329243659973,0.008007730357348919,0.2776871919631958
1551533103.6692033,0.07280825078487396,0.10478954017162323,0.09739555418491364,0.39678755402565,0.012778940610587597,0.3154400885105133
1551533103.740502,0.08095921576023102,0.11201805621385574,0.09215148538351059,0.3627431392669678,0.016432007774710655,0.3356960713863373
1551533103.8363273,0.07493758201599121,0.10074376314878464,0.10872964560985565,0.3478056788444519,0.01298003550618887,0.35480326414108276
1551533103.8754907,0.07659321278333664,0.11041135340929031,0.10815820842981339,0.37459665536880493,0.01369477715343237,0.31654584407806396
1551533103.9156048,0.06797538697719574,0.10192631930112839,0.09443418681621552,0.37435799837112427,0.011532392352819443,0.34977373480796814
1551533103.9542763,0.0810415968298912,0.10732618719339371,0.11706102639436722,0.35635995864868164,0.015471313148736954,0.32273992896080017
1551533103.9941254,0.07551766186952591,0.10445835441350937,0.10205737501382828,0.3551044166088104,0.013279390521347523,0.34958285093307495
1551533104.0322833,0.07529846578836441,0.11066006124019623,0.09565088152885437,0.3763730525970459,0.014475822448730469,0.327541708946228
1551533104.069586,0.08403991907835007,0.10328716039657593,0.09355342388153076,0.3234948217868805,0.01544570829719305,0.3801789879798889
1551533104.1095097,0.07994712144136429,0.0951216071844101,0.12800034880638123,0.3004443347454071,0.0130996722728014,0.3833869695663452
1551533104.1482635,0.07796238362789154,0.11348462849855423,0.1109151840209961,0.3647540509700775,0.018883997574448586,0.313999742269516
1551533104.1878219,0.08916471153497696,0.10155696421861649,0.11163683235645294,0.35666653513908386,0.01295478269457817,0.3280201554298401
1551533104.2282586,0.08150690048933029,0.10669978708028793,0.1011558473110199,0.34768202900886536,0.014969971962273121,0.3479854464530945
1551533104.296642,0.07734184712171555,0.11912745237350464,0.10164355486631393,0.36298197507858276,0.02116323448717594,0.31774190068244934
1551533104.336476,0.07412735372781754,0.10142219066619873,0.11170633882284164,0.39864856004714966,0.010735838674008846,0.3033596873283386
1551533104.4049945,0.07418333739042282,0.10861994326114655,0.10354471206665039,0.349159836769104,0.01689855381846428,0.3475935459136963
1551533104.4735718,0.0744403600692749,0.10067848116159439,0.09724454581737518,0.36618664860725403,0.011106828227639198,0.35034316778182983
1551533104.5135815,0.08907777816057205,0.10970950126647949,0.08461915701627731,0.3605046570301056,0.013314370065927505,0.34277456998825073
1551533104.9177248,0.05533778294920921,0.09520266950130463,0.024222424253821373,0.7392348647117615,0.0021906199399381876,0.0838116705417633
1551533105.0166647,0.06908125430345535,0.11902438849210739,0.0195810254663229,0.7170058488845825,0.006236397195607424,0.0690709725022316
1551533105.0601053,0.07329346984624863,0.11452925205230713,0.014713284559547901,0.7278047800064087,0.0032129143364727497,0.06644637137651443
1551533105.0989082,0.07103834301233292,0.12290388345718384,0.01676272600889206,0.7029646635055542,0.005811525043100119,0.0805189311504364
1551533105.1375415,0.0737803503870964,0.1180557906627655,0.02565399929881096,0.6830745339393616,0.005332956090569496,0.0941024199128151
1551533105.2065282,0.08277272433042526,0.13515304028987885,0.012948705814778805,0.6865279674530029,0.00586444977670908,0.07673315703868866
1551533105.2461824,0.0793566107749939,0.12568455934524536,0.014471175149083138,0.7014939188957214,0.004568797070533037,0.0744248554110527
1551533105.3160715,0.08579680323600769,0.1322914958000183,0.014328669756650925,0.687308669090271,0.004976794123649597,0.07529749721288681
1551533105.3837044,0.08098459988832474,0.12682946026325226,0.01797664910554886,0.6883839964866638,0.005898249335587025,0.0799269899725914
1551533105.4268708,0.07840938121080399,0.10235439240932465,0.035002727061510086,0.6903451681137085,0.003767898539081216,0.0901203602552414
1551533105.5291474,0.08720240741968155,0.14093542098999023,0.017891542986035347,0.6639750003814697,0.011153330095112324,0.07884230464696884
1551533105.6271865,0.08640501648187637,0.14543770253658295,0.024357832968235016,0.6350725293159485,0.013621254824101925,0.09510565549135208
1551533105.6679149,0.07469619065523148,0.11637315899133682,0.027603257447481155,0.6881347298622131,0.005755620542913675,0.08743704855442047
1551533105.7076392,0.10616308450698853,0.11054506152868271,0.07710563391447067,0.5684565901756287,0.00962626002728939,0.1281033605337143
1551533105.7458215,0.10734950751066208,0.0955674946308136,0.1309790164232254,0.5128278136253357,0.0052085742354393005,0.14806751906871796
1551533105.8169417,0.07640139013528824,0.08082779496908188,0.14468738436698914,0.5860240459442139,0.003050475614145398,0.10900895297527313
1551533105.8563907,0.0664820447564125,0.0645163282752037,0.2897561490535736,0.43435850739479065,0.0025034192949533463,0.14238347113132477
1551533105.9294775,0.03299998119473457,0.03049742989242077,0.637324869632721,0.18656045198440552,0.001684538903646171,0.11093275249004364
1551533105.997986,0.06557236611843109,0.07199980318546295,0.20613859593868256,0.5339674949645996,0.0026162273716181517,0.11970552057027817
1551533106.1002014,0.05850353091955185,0.08480577170848846,0.12403712421655655,0.6073186993598938,0.0025967303663492203,0.12273827195167542
1551533106.1705058,0.051970548927783966,0.0790938287973404,0.14858759939670563,0.5466999411582947,0.0036445355508476496,0.17000356316566467
1551533106.2117732,0.061845067888498306,0.09616273641586304,0.07921355217695236,0.6269173622131348,0.004410140216350555,0.13145111501216888
1551533106.7115498,0.053675297647714615,0.08381018042564392,0.24972975254058838,0.4608538746833801,0.004380951169878244,0.14754991233348846
1551533106.751368,0.07001196593046188,0.07917605340480804,0.27696460485458374,0.4484570622444153,0.005264229606837034,0.12012609839439392
1551533106.793514,0.05596598610281944,0.059136517345905304,0.47916433215141296,0.2908831834793091,0.005351829808205366,0.10949815064668655
1551533106.835126,0.04576334357261658,0.04150260239839554,0.572094202041626,0.2370336353778839,0.0031222086399793625,0.10048401355743408
